all_taxa	xyl1	xyl2	xyl3	tkl1	tal1	PU.	Growth.Rate	phylo_order
babjeviella inositovora	0.962447334676681	NA	0.780443911217756	0.965606878624275	0.963912804542957	35043	1.083011408	1
millerozyma acaciae	NA	0.879897238278741	NA	0.96103618068936	NA	34634	0.070625666	2
debaryomyces maramus	0.956605966679582	0.865555986051918	0.881025838796761	0.965098341689163	0.983727237504843	41713	0.16481472	3
debaryomyces nepalensis	0.955805544395339	0.741462434712736	0.71494576134994	0.971876255524307	0.992543021032505	41693	0.580325312	4
debaryomyces hansenii	0.965276350934868	0.835863377609108	0.637571157495256	0.957057735771523	0.986233819601397	34659	0.531917629	5
debaryomyces prosopidis	0.958215297450425	0.918012422360248	0.851983002832861	0.974445430346051	0.98846495119787	41678	0.370437394	6
debaryomyces fabryi	0.951998470070759	0.85140562248996	0.686149220071415	0.934410825032889	0.98546567221266	41829	0.41348061	7
debaryomyces subglobosus	0.956605966679582	0.865555986051918	0.738086013173189	0.978070175438597	0.991065627030539	41824	0.240921448	8
priceomyces carsonii	0.941799754299754	0.949324324324324	0.583538083538084	0.831695331695332	0.983568796068796	35296	0.306334006	9
priceomyces medius	0.955805544395339	0.837246005129217	0.71494576134994	0.971876255524307	0.99136199276818	34606	0.95994681	10
priceomyces castillae	0.969023034154091	0.847299444003177	0.565329626687847	0.970413026211279	0.986233819601397	35297	0.339677301	11
priceomyces haplophilus	NA	0.615206402695872	NA	0.917778836987607	NA	35660	0.234133802	12
scheffersomyces lignosus	NA	0.956529329608939	NA	0.959846368715084	NA	37855	0.481634779	13
scheffersomyces stipitis	0.992562422525235	0.945634850363025	0.831591995749956	0.952696728558798	0.996812466796529	34616	0.712437802	14
spathaspora passalidarum	0.977026522226373	0.861233146492956	0.931639895405304	0.980014942099365	0.992715726559582	34617	0.58107421	15
spathaspora girioi	NA	NA	NA	NA	NA	NA	NA	16
spathaspora arborariae	0.997138184791496	0.859455481972038	0.877964022894522	0.985895339329518	0.991618969746525	41742	0.461539829	17
spathaspora gorwiae	NA	NA	NA	NA	NA	NA	NA	18
spathaspora hagerdaliae	NA	NA	NA	NA	NA	NA	NA	19
candida sojae	NA	0.850051440329218	0.837191358024691	0.97608024691358	NA	34996	0.234378605	20
candida tropicalis	0.977026522226373	0.908137583892617	0.931639895405304	0.980014942099365	0.994546979865772	34997	0.173575505	21
candida albicans	NA	NA	NA	NA	NA	NA	NA	22
candida dubliniensis	0.959032052642751	0.852685204839737	0.82233071534706	0.962003820844831	0.969645510507323	34991	0	23
candida corydali	0.932109729623051	0.769686204854944	0.762186698243537	0.952042628774423	0.907242944543122	34990	0	24
lodderomyces elongisporus	NA	0.938481197517342	0.821467688937568	0.972643727292156	0.994229536225689	35005	0	25
candida orthopsilosis	0.842396109637489	0.894341290893015	0.814544650751547	0.952696728558798	0.996463306808134	35717	0.164639414	26
candida parapsilosis	0.895420915816837	0.900219956008798	0.780443911217756	0.965606878624275	0.949410117976405	34995	0.618039941	27
aciculoconidium aculeatum	0.969235751295337	0.758934372969461	0.498704663212435	0.978070175438597	0.99449481865285	34654	0	28
kodamaea laetipori	0.978653530377668	0.918012422360248	0.661756876663709	0.974445430346051	0.991060025542784	34665	0.364211383	29
candida restingae	0.971148957803762	0.91268429079817	0.599723811402644	0.953442493588479	0.991865785460092	34648	0.301896493	30
kodamaea ohmeri	0.992562422525235	0.945634850363025	0.831591995749956	0.970413026211279	0.996812466796529	35677	0	31
suhomyces pyralidae	0.955258126195029	0.736651947009233	0.866118024889603	0.97751906864713	0.995784825371337	35011	0.379483897	32
suhomyces tanzawaensis	0.977594339622642	0.904569348968864	0.819045693489689	0.955385220125786	0.989779874213837	35010	0	33
suhomyces emberorum	NA	NA	NA	NA	NA	NA	NA	34
suhomyces canberraensis	0.953426343865408	0.92757488715634	0.858432498974149	0.970216776625825	0.997549481621112	35018	0.18226014	35
wickerhamia fluorescens	NA	0.938237965485922	NA	0.926518218623482	NA	34579	0	36
teunomyces gatunensis	NA	NA	NA	NA	NA	NA	NA	37
teunomyces kruisii	0.93541858325667	0.873965041398344	0.881025838796761	0.971297148114075	0.997792088316467	35031	0.210634729	38
teunomyces cretensis	0.947517730496454	0.870719351570415	0.678419452887538	0.966565349544073	0.995231902904205	35033	0.217685599	39
candida auris	NA	NA	NA	NA	NA	NA	NA	40
candida heveicola	0.953623770327244	NA	0.670491489768598	0.969082513551496	0.98546567221266	35707	0	41
candida oregonensis	0.986419013381266	0.804873177551428	0.348911523866587	0.970981290568919	0.996405032953865	34986	0.800973756	42
candida fructus	0.969570267131243	NA	0.639915966386555	0.958613445378151	0.98781512605042	34988	0	43
clavispora lusitaniae	0.93574889403834	NA	0.651780071624184	0.955761533600169	0.958790593505039	34658	0.20085219	44
candida blattae	0.862914862914863	0.841903300076746	0.510360706062932	0.950113378684807	0.978148835291692	35335	0.150390792	45
candida intermedia	NA	0.809695133497444	NA	0.936041486603284	NA	34987	0.395809496	46
candida wancherniae	0.972605741836511	0.882475083056478	0.767234219269103	0.971760797342193	0.977782392026578	41840	0	47
candida golubevii	0.96315387552501	0.945116100556515	0.479178660525811	0.977931299174822	0.931682978315103	41862	0	48
metschnikowia bicuspidata_var._bicuspidata	0.947516025641026	0.885817307692308	0.759214743589744	0.975761217948718	0.978148835291692	34592	0	49
candida hawaiiana	0.93574889403834	0.849106959556559	0.651780071624184	0.966536645452679	0.918264166842216	41743	0.372397298	50
metschnikowia kipukae	0.953488372093023	0.882475083056478	0.767234219269103	0.971760797342193	0.981876332622601	40953	0	51
metschnikowia hibisci	0.966804979253112	0.951244813278008	0.784797017398509	0.972659486329743	0.977009113504557	40950	0.431284169	52
metschnikowia aberdeeniae	NA	0.931909679677927	0.688864628820961	0.969543147208122	0.96943231441048	40959	0.519784198	53
metschnikowia shivogae	0.980839612486545	0.939345991561181	0.803621659634318	0.970815752461322	0.977825618945102	40935	0.282336899	54
metschnikowia drakensbergensis	0.977917981072555	0.923589204346302	0.731335436382755	0.973308112652375	0.938310550297932	40946	0	55
metschnikowia proteae	0.969219494320264	0.95071454745328	0.790582631000366	0.966536645452679	0.952729937706119	40937	0	56
metschnikowia borealis	0.977917981072555	0.928584474885845	0.817351598173516	0.970228310502283	0.949771689497717	40956	0.701329033	57
metschnikowia ipomoeae	NA	NA	NA	NA	NA	NA	NA	58
metschnikowia continentalis	0.966804979253112	0.951244813278008	0.705912863070539	0.961904761904762	0.978111946532999	40943	0.394420359	59
metschnikowia cerradonensis	NA	0.947586206896552	0.76948275862069	0.976930596285435	0.942586206896552	40954	0.732856565	60
metschnikowia santaceciliae	NA	NA	NA	NA	NA	NA	NA	61
metschnikowia lochheadii	NA	0.931909679677927	0.660423595308945	0.969543147208122	0.990900818926297	40941	0.710995601	62
metschnikowia matae_var._maris	NA	0.905723630417007	0.667457072771872	0.959852820932134	0.927800490596893	40795	0.392960435	63
metschnikowia matae_var._matae	NA	0.905723630417007	0.667457072771872	0.959852820932134	0.927800490596893	40940	1.077972967	64
metschnikowia kamakouana	NA	NA	NA	NA	NA	NA	NA	65
metschnikowia hawaiiensis	NA	0.957666114485551	0.821467688937568	0.969331872946331	0.949799196787149	40949	0.441732364	66
metschnikowia mauinuiana	NA	NA	NA	NA	NA	NA	NA	67
metschnikowia hamakuensis	NA	0.927706488342671	0.821435026206398	0.965660581962769	0.969455991324779	40948	0.324586223	68
metschnikowia arizonensis	NA	NA	NA	NA	NA	NA	NA	69
metschnikowia similis	NA	0.908895405669599	0.00625610948191593	0.976930596285435	0.925513196480938	40934	0.227538067	70
metschnikowia bowlesiae	0.966445733222867	0.948218724109362	0.784797017398509	0.977931299174822	0.977009113504557	40955	0	71
metschnikowia dekortorum	0.980839612486545	0.885817307692308	0.759214743589744	0.975761217948718	0.977825618945102	40945	0	72
danielozyma ontarioensis	0.964958476807778	0.841401660927689	0.679157383026129	0.932405202418025	0.992505570184323	34973	0	73
candida gotoi	0.972252807751597	0.899801805769654	0.799815498154982	0.965129151291513	0.99409594095941	35681	0.134529532	74
candida rhagii	0.986419013381266	0.835016193560678	0.797866260240046	0.957896742236616	0.996405032953865	35679	0.384751819	75
hyphopichia heimii	0.97682119205298	0.859455481972038	0.826158940397351	0.956774729842061	0.987674760853569	35318	0.445830977	76
hyphopichia burtonii	0.963079693831607	0.823098820658804	0.839975599837332	0.954656364375763	0.988743809095002	35682	0	77
hyphopichia homilentoma	NA	0.881061473844979	NA	0.971554993678888	NA	35316	0.3715146	78
candida ascalaphidarum	0.980954176881011	0.882896473694135	0.752592871959268	0.934322033898305	0.992268527248727	41855	0.491215432	79
yamadazyma scolyti	0.953426343865408	0.92757488715634	0.858432498974149	0.966565349544073	0.994050061551087	35641	1.032050583	80
yamadazyma tenuis	0.963777490297542	0.979855849196082	0.856218813527999	0.933468859730179	0.997412677878396	41836	0.357583687	81
yamadazyma philogaea	0.99479969183359	0.897534668721109	0.863923361637274	0.902242543000218	0.99537750385208	35640	0.620596812	82
yamadazyma nakazawae	0.969672462596037	0.904569348968864	0.819045693489689	0.948498748957465	0.987060250707643	35252	0.330661156	83
candida tammaniensis	0.99479969183359	0.897534668721109	0.753081664098613	0.980004300150505	0.99537750385208	41833	0.56179672	84
candida gorgasii	0.980954176881011	0.882896473694135	0.752592871959268	0.971297148114075	0.997792088316467	41863	0.407356458	85
candida athensensis	0.963079693831607	NA	0.508104457451598	0.881809995497524	0.988743809095002	34632	0	86
meyerozyma guilliermondii	NA	NA	NA	NA	NA	NA	NA	87
meyerozyma caribbica	0.95407315045719	0.809019118869493	0.75665004156276	0.958613445378151	0.98781512605042	35662	0.369100472	88
candida carpophila	NA	NA	NA	0.971554993678888	NA	35664	0.521456343	89
candida schatavii	0.964958476807778	0.841401660927689	0.686149220071415	0.934410825032889	0.992505570184323	34643	0	90
kurtzmaniella cleridarum	0.909542195256481	0.859349145063431	0.386100386100386	NA	0.992140099282956	35667	0.176953225	91
candida fragi	NA	NA	NA	NA	NA	NA	NA	92
cephaloascus fragrans	0.978653530377668	NA	0.59710948327064	0.955482576172231	0.992872698475549	34999	0	93
cephaloascus albidus	0.969235751295337	NA	0.498704663212435	0.96065414507772	0.99449481865285	34998	0.361234779	94
pachysolen tannophilus	0.955926481620405	0.931732933233308	0.732558139534884	0.946549137284321	0.971867966991748	35669	0.313437257	95
nakazawaea holstii	0.974982381959126	0.79369274136716	0.813248766737139	0.966878083157153	0.994009866102889	34918	0	96
nakazawaea peltata	NA	NA	NA	0.964278928367851	NA	34921	0.457573847	97
peterozyma toletana	0.940163654960791	0.847937265598363	0.567976327469998	0.963340457011343	0.987177379582443	34884	0.195277046	98
peterozyma xylosa	NA	NA	NA	NA	NA	NA	NA	99
komagataella pastoris	0.906215921483097	0.71475307680324	0.658202212182583	0.955771305285868	0.988939087085216	34953	0.166347026	100
komagataella pseudopastoris	0.940163654960791	0.847937265598363	0.339754517558814	0.966674275279617	0.982270712580975	34939	0	101
komagataella populi	0.827955801104972	0.880441988950276	0.575580110497238	0.954525768731052	0.958856647899524	26274	0	102
citeromyces siamensis	0.974982381959126	0.880441988950276	0.813248766737139	0.966878083157153	0.994009866102889	34952	0	103
citeromyces matritensis	0.983851571894863	0.979728568974403	0.694725992097578	0.977323483937468	0.988939087085216	26142	0	104
citeromyces hawaiiensis	0.945406125166445	0.862849533954727	0.621171770972037	0.961244444444444	0.988348868175766	34950	0	105
kuraishia ogatae	0.965215738452766	0.699676867515681	0.669074320471393	0.954525768731052	0.958856647899524	34932	0.250078689	106
kuraishia molischiana	0.945406125166445	NA	0.737781954887218	0.950375939849624	0.988348868175766	34933	0.25353123	107
kuraishia capsulata	0.933507657825925	0.657384158867838	0.550803137840867	0.966674275279617	0.958000456516777	34937	0.217562796	108
candida boidinii	NA	0.980340063761955	NA	0.945410806809771	NA	34926	0.507395715	109
ogataea methylivora	0.951601671309192	0.746518105849582	0.661515453639083	0.922179665738162	0.958624127617149	34901	0.49543014	110
ogataea ramenticola	0.944186944766319	0.914059482425647	0.847765101926314	0.914252607184241	0.969293163383546	34890	0.420175779	111
ogataea naganishii	0.967342582710779	0.927474236826755	0.776734258271078	0.940307213688509	0.968623265741729	34903	0.406096817	112
candida succiphila	NA	0.7654613712705	NA	0.956925508792729	NA	34906	0.393804245	113
brettanomyces custersianus	NA	NA	NA	NA	NA	NA	NA	114
brettanomyces bruxellensis	NA	NA	NA	NA	NA	NA	NA	115
brettanomyces anomalus	NA	NA	NA	NA	NA	NA	NA	116
kregervanrija delftensis	0.969910493239383	0.933917349076366	0.863264140163778	0.951628261283565	0.97276709198248	35674	0	117
kregervanrija fluxuum	0.952919020715631	0.930696798493409	0.732015065913371	0.95969868173258	0.988700564971751	35675	0	118
martiniozyma abiesophila	NA	NA	NA	NA	NA	34631	0	119
saturnispora silvae	0.840018441678193	0.860167022722859	NA	0.946288612263716	0.980866758875058	34614	0	120
saturnispora mendoncae	0.965215738452766	0.713781749764817	0.669074320471393	0.962605832549388	0.960253998118532	34611	0	121
saturnispora saitoi	0.967117117117117	0.941441441441441	0.406306306306306	0.944185012230376	0.985135135135135	34612	0	122
saturnispora zaruensis	0.840018441678193	0.504610419548179	0.304300842878755	0.946288612263716	0.980866758875058	34615	0	123
saturnispora dispora	0.81429211469534	0.713781749764817	0.430150517403575	0.966845878136201	0.963933691756272	35659	0	124
saturnispora hagleri	0.882944575219345	0.710678365075968	0.60539268136101	0.93744769874477	0.876524716456238	34610	0	125
saturnispora serradocipensis	0.884749455337691	0.624088273798392	0.426594351973069	0.862745098039216	0.977124183006536	34613	0	126
pichia terricola	0.928793210515421	0.596149865452287	0.436141585593045	0.940178016973711	0.647898985717243	35301	0	127
candida sorboxylosa	NA	NA	NA	0.92502965599051	NA	37882	0.159208062	128
pichia membranifaciens	0.652442556478085	0.899594516315891	0.63568215892054	0.875776397515528	0.98672092525166	35661	0	129
pichia exigua	0.937346711259755	0.701672240802676	0.60958751393534	0.966845878136201	0.963933691756272	34629	0	130
pichia occidentalis	0.922858302882663	0.738937069157216	0.274627529464087	0.944185012230376	0.983962647178238	34622	0	131
pichia kudriavzevii	0.929790866410585	0.82202304737516	0.57063593683312	0.912291933418694	0.963081519419548	34625	0	132
pichia norvegensis	0.919507367495052	0.799428194413899	0.461623048163624	0.896635144051023	0.977124183006536	34623	0	133
pichia nakasei	0.967625899280576	NA	0.689709102283391	0.991867375664686	0.995933687832343	34624	0	134
pichia heedii	0.967342582710779	0.854855923159018	0.776734258271078	0.9688839202534	0.968623265741729	34627	0.522594544	135
ambrosiozyma maleeae	0.889729299363057	0.704020700636943	0.135350318471338	0.962579617834395	0.991084695393759	35040	0.114615977	136
ambrosiozyma kashinagacola	NA	0.936898593634345	NA	0.945410806809771	NA	35038	0	137
ambrosiozyma vanderkliftii	NA	NA	NA	NA	NA	NA	NA	138
ambrosiozyma pseudovanderkliftii	0.950839964633068	0.933333333333333	0.858885941644562	0.962864721485411	0.990981432360743	35041	0	139
ambrosiozyma monospora	NA	0.958159577425633	NA	0.980539338337504	NA	26279	0	140
ambrosiozyma oregonensis	0.960484023444886	0.905594405594406	0.782051282051282	0.968864468864469	0.993193420306296	34946	0.413391407	141
ambrosiozyma ambrosiae	0.950839964633068	0.933333333333333	0.858885941644562	0.975331201461855	0.990981432360743	26137	0	142
ambrosiozyma philentoma	0.889729299363057	0.925338310779281	0.901695442526054	0.970757505055219	0.659832802547771	34947	0.631136889	143
candida arabinofermentans	0.969910493239383	0.933917349076366	0.863264140163778	0.951628261283565	0.97276709198248	34925	0.240637933	144
ogataea methanolica	NA	0.938237965485922	NA	0.958362738179252	NA	34900	0.112284546	145
ogataea trehalophila	0.952919020715631	0.930696798493409	0.732015065913371	0.95969868173258	0.988700564971751	34886	0.055391381	146
ogataea pilisensis	0.977454545454545	0.94201250710631	0.758953951108584	0.941823005495547	0.985018181818182	34892	0	147
ogataea nitratoaversa	0.978723404255319	0.956886898096305	0.890444195595371	0.978692668833514	0.983575961179545	34636	0.528883368	148
ogataea populialbae	0.971385256774683	0.94201250710631	0.758953951108584	0.941823005495547	0.973469774493083	34637	0	149
ogataea trehaloabstinens	0.978723404255319	0.956886898096305	0.890444195595371	0.9688839202534	0.983575961179545	34887	2.146021726	150
ogataea zsoltii	0.973864937046929	0.650515070583747	0.639450591377337	0.976726440289966	0.8893547635686	34885	0.338411329	151
ogataea glucozyma	0.957385337667028	0.777175875767425	0.755146262188516	0.978692668833514	0.920368364030336	34897	0	152
ogataea pini	0.939164237123421	0.834596695821186	0.521671525753158	0.966190476190476	0.895238095238095	34891	0	153
ogataea henricii	NA	NA	NA	NA	NA	NA	NA	154
ogataea nonfermentans	0.848594741613781	0.925338310779281	0.901695442526054	0.970757505055219	0.847144152311877	34904	0	155
ogataea minuta	0.816190476190476	0.898178506375228	0.554644808743169	0.966190476190476	0.895238095238095	34902	0	156
ogataea kodamae	0.940368098159509	0.365711623573259	0.522944785276074	0.974723926380368	0.8893547635686	34899	0	157
ogataea philodendri	0.974722328609728	0.847567981616239	0.451303766436372	0.933358866334738	0.98295672156262	34893	0	158
ogataea parapolymorpha	0.927786106946527	NA	0.782051282051282	0.968864468864469	0.987845487845488	26177	0	159
ogataea polymorpha	0.940368098159509	NA	0.571009174311927	0.974723926380368	0.967339449541284	41802	0	160
saccharomycopsis malanga	NA	NA	NA	NA	NA	NA	NA	161
saccharomycopsis capsularis	NA	NA	NA	NA	NA	NA	NA	162
ascoidea rubescens	NA	NA	NA	NA	NA	NA	NA	163
ascoidea asiatica	NA	NA	NA	NA	NA	NA	NA	164
hanseniaspora vineae	0.967894027840144	NA	0.78041958041958	0.978741258741259	0.989090909090909	26147	0	165
hanseniaspora osmophila	0.974508375819374	NA	0.722019907744598	0.966718095657924	0.995144452537024	34957	0	166
kloeckera hatyaiensis	0.928793210515421	NA	NA	0.957404655770183	0.991084695393759	35684	0	167
hanseniaspora pseudoguilliermondii	0.922858302882663	NA	NA	0.959038508707383	0.983962647178238	35695	0	168
hanseniaspora clermontiae	0.937346711259755	NA	NA	0.964142427281846	0.9839518555667	34963	0	169
hanseniaspora uvarum	NA	NA	NA	NA	NA	NA	NA	170
hanseniaspora valbyensis	0.929790866410585	NA	NA	0.975331201461855	0.96345363179534	34955	0	171
hanseniaspora singularis	0.866991473812424	NA	NA	0.959038508707383	0.973755212165808	35696	0	172
yueomyces sinensis	NA	NA	NA	NA	NA	NA	NA	173
tetrapisispora blattae	NA	NA	NA	NA	NA	NA	NA	174
vanderwaltozyma polyspora	NA	0.980340063761955	0.490218380345769	0.942082890541977	0.990900818926297	34869	0	175
tetrapisispora iriomotensis	0.912421630094044	NA	0.57641065830721	0.970415360501567	0.990791536050157	34876	0	176
tetrapisispora phaffii	0.954476766150359	NA	0.527767283717416	0.965243672081602	0.993577635058557	34580	0	177
tetrapisispora fleetii	0.852502553626149	NA	NA	0.96976506639428	0.96533633127225	34875	0	178
tetrapisispora namnaonensis	0.857373411337503	NA	NA	0.614262884538554	0.987492434940488	34877	0	179
candida castellii	0.945715567519067	NA	0.784208165096456	0.939759036144578	0.995737999102737	34724	0	180
nakaseomyces bacillisporus	0.944710491946017	NA	0.515490705576654	0.967419548271037	0.989986939486286	35666	0	181
candida glabrata	0.945529290853032	NA	0.696207506386323	0.979650565262076	0.991161356628983	34723	0	182
candida bracarensis	0.948619139370585	NA	0.513166345536288	0.979019481909655	0.986966111890916	34725	0	183
nakaseomyces delphensis	0.889098137685708	NA	0.61711139347734	0.973843900397573	0.995396526469973	26127	0	184
candida nivariensis	0.965524275805794	NA	0.420032639738882	0.976948184414525	0.990208078335373	34720	0	185
saccharomyces eubayanus	NA	NA	NA	NA	NA	NA	NA	186
saccharomyces uvarum	NA	NA	NA	NA	NA	NA	NA	187
saccharomyces arboricola	NA	NA	NA	NA	NA	NA	NA	188
saccharomyces kudriavzevii	NA	NA	NA	NA	NA	NA	NA	189
saccharomyces mikatae	NA	NA	NA	NA	NA	NA	NA	190
saccharomyces cerevisiae	NA	NA	NA	NA	NA	NA	NA	191
saccharomyces paradoxus	NA	NA	NA	NA	NA	NA	NA	192
kazachstania rosinii	NA	NA	NA	NA	NA	NA	NA	193
kazachstania spencerorum	0.872646498836471	NA	0.336154008885128	0.964036386714618	0.982018193357309	40968	0	194
kazachstania kunashirensis	0.883850069412309	NA	0.510911686722415	0.967774831735672	0.975474317445627	40973	0	195
kazachstania turicensis	NA	NA	NA	NA	NA	NA	NA	196
kazachstania viticola	NA	NA	NA	NA	NA	NA	NA	197
kazachstania africana	NA	NA	NA	NA	NA	NA	NA	198
kazachstania martiniae	0.905875417567302	NA	0.696207506386323	0.757880910683012	0.987030850854785	40994	0	199
kazachstania intestinalis	0.948619139370585	NA	0.714391143911439	0.979019481909655	0.977121771217712	40982	0	200
kazachstania bromeliacearum	0.933186893648179	NA	0.912685337726524	0.775581182500458	0.98348623853211	40997	0	201
kazachstania naganishii	0.946387911405506	NA	0.496170565100393	0.968743531359967	0.983233285034154	41000	0	202
kazachstania taianensis	NA	NA	NA	NA	NA	NA	NA	203
kazachstania yakushimaensis	NA	NA	NA	NA	NA	NA	NA	204
kazachstania transvaalensis	0.93582578531509	NA	0.545769897860859	0.970321834650222	0.975474317445627	40967	0	205
kazachstania siamensis	0.96005486027773	NA	0.496170565100393	0.968743531359967	0.995199725698611	40987	0	206
kazachstania unispora	0.940944104285996	NA	0.504444005530318	0.955362433339917	0.988346829942722	40995	0	207
kazachstania aerobia	0.966386554621849	NA	0.526608910891089	0.957787766269298	0.977310231023102	40977	0	208
kazachstania solicola	0.974565493853328	NA	0.545769897860859	0.987847958174368	0.998445669068814	40972	0	209
naumovozyma castellii	0.934971098265896	0.767308073794882	0.262646300337235	0.974814203137903	0.983691164327002	34871	0	210
naumovozyma dairenensis	NA	NA	NA	NA	NA	NA	NA	211
zygosaccharomyces rouxii	0.967894027840144	0.848822539949537	0.550516389762012	0.965424337674001	0.994533221194281	34863	0	212
zygosaccharomyces kombuchaensis	0.949881796690307	NA	0.653900709219858	0.945671378091873	0.980851063829787	34865	0	213
zygosaccharomyces bailii	NA	NA	NA	NA	NA	NA	NA	214
zygosaccharomyces bisporus	0.926261026916987	0.956344718389505	0.637864736484958	0.977801494130203	0.986339381003202	34866	0	215
zygotorulaspora mrakii	0.945560017849174	0.899375278893351	0.682921245421245	0.939759036144578	0.995421245421245	26256	0	216
zygotorulaspora florentina	0.926261026916987	0.956344718389505	0.637864736484958	0.92060619769283	0.990996784565916	34862	0	217
torulaspora microellipsoides	0.949881796690307	NA	0.653900709219858	0.967419548271037	0.985208874675195	35651	0	218
torulaspora maleeae	0.974508375819374	0.877475817595578	0.761860893597421	0.976047904191617	0.995144452537024	35652	0	219
torulaspora delbrueckii	0.893823173193379	0.877475817595578	0.761860893597421	0.976047904191617	0.992531287848203	35653	0	220
torulaspora pretoriensis	0.816353591160221	NA	0.523314917127072	0.961751662971175	0.992486187845304	34881	0	221
torulaspora franciscae	0.94259882253995	0.848822539949537	0.478973927670311	0.964950237992211	0.994533221194281	26152	0	222
lachancea kluyveri	0.921012767799178	0.869508764336724	0.657866262713698	0.956286518069682	0.992531287848203	34694	0	223
lachancea cidri	NA	NA	NA	NA	NA	NA	NA	224
lachancea fermentati	0.975389069851611	0.708288092652913	0.583991462113127	0.977801494130203	0.992037640246109	34695	0	225
lachancea mirantina	0.926438771094764	NA	0.32032590051458	0.964950237992211	0.987234963219386	34691	0	226
lachancea waltii	0.816353591160221	NA	0.523314917127072	0.961778147071043	0.992486187845304	26219	0	227
lachancea thermotolerans	0.921012767799178	0.909493670886076	0.657866262713698	0.967510548523207	0.990911058212508	34678	0	228
lachancea quebecensis	NA	NA	NA	NA	NA	NA	NA	229
lachancea nothofagi	0.93061961098857	0.785625259659327	0.242430318828955	0.976137958692601	0.986966111890916	34690	0	230
lachancea dasiensis	0.945529290853032	0.702830188679245	0.32032590051458	0.979650565262076	0.991161356628983	34697	0	231
lachancea meyersii	0.932598558711318	0.669987282746927	0.432726511822557	0.973843900397573	0.995396526469973	34692	0	232
lachancea lanzarotensis	0.948998801985282	0.746565934065934	0.347298534798535	0.961767399267399	0.991956186890296	34693	0	233
lachancea fantastica_nom_nud	0.965524275805794	0.909493670886076	0.420032639738882	0.976948184414525	0.990208078335373	34696	0	234
kluyveromyces aestuarii	0.992645706931421	0.982165839308696	0.754550468836183	0.944334867411791	0.996506710792425	34709	0	235
kluyveromyces marxianus	0.983415508740475	0.758628417749888	0.921559838637382	0.967055132227701	0.992828328103989	34713	0	236
kluyveromyces dobzhanskii	0.924833082059014	0.760284298944648	0.78041958041958	0.978741258741259	0.989090909090909	34710	0	237
kluyveromyces lactis	0.939317319848293	0.818162663295407	0.721181397399162	0.966718095657924	0.987147071217868	34712	0	238
eremothecium cymbalariae	NA	NA	NA	NA	NA	NA	NA	239
ashbya aceri	NA	NA	NA	NA	NA	NA	NA	240
eremothecium gossypii	NA	NA	NA	NA	NA	NA	NA	241
eremothecium sinecaudum	NA	NA	NA	NA	NA	NA	NA	242
eremothecium coryli	NA	NA	NA	NA	NA	NA	NA	243
candida ponderosae	NA	NA	NA	NA	NA	NA	NA	244
starmera quercuum	0.966790352504638	0.859750587384782	0.641062714621363	0.965660581962769	0.986456400742115	34594	0	245
candida stellimalicola	NA	NA	NA	NA	NA	NA	NA	246
starmera amethionina	NA	NA	NA	NA	NA	NA	NA	247
wickerhamomyces anomalus	0.94335589597435	0.861239757748486	0.724307796840496	0.968914557499575	0.995073891625616	35273	0	248
wickerhamomyces ciferrii	0.970040189989039	0.823164048227987	0.75933762649494	0.952868103763244	0.999264029438822	35269	0	249
wickerhamomyces bovis	0.970040189989039	0.823164048227987	0.316770186335404	0.963172288058341	0.985961713764813	35271	0.204896106	250
barnettozyma hawaiiensis	0.968265682656827	0.826454402515723	0.678044280442804	0.939465408805031	0.990405904059041	35045	0.468311588	251
barnettozyma populi	0.933055975794251	0.8776217399234	0.59875980302754	0.963341236549334	0.991428050337407	35046	0.941113457	252
barnettozyma californica	0.92328969205237	NA	0.656615497076023	0.946524064171123	0.995205605753273	35044	0.624399523	253
candida montana	0.961411850768105	0.849418084153984	0.429407461594733	0.963240673006584	0.996777081468218	35037	0	254
phaffomyces antillensis	0.92328969205237	NA	0.547851742577909	0.963602599814299	0.995205605753273	35671	0	255
phaffomyces opuntiae	0.763954402515723	0.826454402515723	0.320361635220126	0.963172288058341	0.98624213836478	35670	0	256
candida orba	0.924839596700275	0.729789184234647	0.23658165207461	0.965536205316224	0.991934005499542	35673	0	257
phaffomyces thermotolerans	0.949685534591195	0.575185820468839	0.297041191258944	0.944349151896322	0.985896702877835	35672	0	258
barnettozyma salicaria	0.964495917979875	0.831213214353522	0.665654072527055	0.973799126637555	0.991076514144674	35048	2.036405683	259
barnettozyma pratensis	0.961411850768105	0.858169440242057	0.429407461594733	0.963240673006584	0.995427944403804	35047	0.163506687	260
wickerhamomyces alni	0.977199281867145	0.849418084153984	0.541831238779174	0.948612354521039	0.996777081468218	35274	0.598666945	261
wickerhamomyces sp._yb_2243	NA	NA	NA	NA	NA	NA	NA	262
wickerhamomyces canadensis	0.94335589597435	0.861239757748486	0.399358745992162	0.964374777342358	0.983101207056639	35639	0.265695786	263
wickerhamomyces hampshirensis	0.936414114275479	0.882321332616873	0.204907755686907	0.960068593826556	0.985849901486656	35268	0.216538714	264
candida freyschussii	0.979869631901841	0.831213214353522	0.665654072527055	0.973799126637555	0.991076514144674	34967	0.15399635	265
cyberlindnera mrakii	0.995472837022133	0.942488262910798	0.583585543884636	0.961367277906356	0.991616364855802	34978	0.173722652	266
cyberlindnera suaveolens	0.948741170077884	0.880999818873393	0.663104510052527	0.907815631262525	0.985509871400109	35687	0.311985854	267
cyberlindnera saturnus	0.979073756432247	NA	0.640502092050209	0.984219554030875	0.990909090909091	35686	0.138286886	268
cyberlindnera misumaiensis	0.948741170077884	NA	0.663104510052527	0.96748431260696	0.98687963491158	34979	0.330916567	269
cyberlindnera maclurae	0.979869631901841	0.888196546199039	0.583585543884636	0.964340490797546	0.984087423312883	35699	0	270
candida vartiovaarae	NA	NA	NA	NA	NA	NA	NA	271
cyberlindnera jadinii	0.936414114275479	NA	0.459963436928702	0.96709323583181	0.985849901486656	35336	0.15288162	272
cyberlindnera xylosilytica	0.982541222114452	0.821968424588512	0.641771742644682	0.719684245885119	0.998656365468592	35688	0.384959885	273
cyberlindnera fabianii	NA	0.903057275541796	NA	0.962848297213622	NA	35701	0.211013736	274
cyberlindnera petersonii	0.968265682656827	0.821586715867159	0.678044280442804	0.96709323583181	0.990405904059041	35325	0.222794836	275
candida mycetangii	0.911184210526316	0.471673976608187	0.656615497076023	0.96748431260696	0.98687963491158	35689	0.227010724	276
cyberlindnera americana	0.969645550527903	0.8776217399234	0.59875980302754	0.969457013574661	0.991428050337407	35703	0.695865394	277
alloascoidea hylecoeti	NA	NA	NA	NA	NA	NA	NA	278
sporopachydermia quercuum	NA	0.957666114485551	NA	0.944045646972207	NA	34603	0.925854645	279
sporopachydermia lactativora	0.977594339622642	0.944719018854109	0.912685337726524	0.955385220125786	0.989779874213837	34604	0	280
nadsonia fulvescens_var._fulvescens	NA	NA	NA	NA	NA	NA	NA	281
nadsonia fulvescens_var._elongata	NA	NA	NA	NA	NA	NA	NA	282
candida hispaniensis	NA	0.956529329608939	0.269948392219135	0.959846368715084	0.987296546248511	35633	0	283
yarrowia bubula	NA	0.992770213278708	0.431304893350063	0.930363864491844	0.995922208281054	35643	0	284
yarrowia keelungensis	NA	0.791899901218308	NA	0.899536647009267	NA	35646	0	285
yarrowia lipolytica	NA	0.881061473844979	0.341455437448896	0.970026727758686	0.992313982011447	35647	0	286
yarrowia deformans	NA	0.522701567296817	NA	0.925836160930683	NA	35644	0	287
yarrowia divulgata	NA	0.851726824201506	0.397458300238284	0.919301032565528	0.997403271877434	35645	0	288
middelhovenomyces tepae	NA	NA	NA	NA	NA	35665	1.300924713	289
geotrichum candidum	0.967117117117117	0.941441441441441	0.535485297369003	0.956887021888127	0.985135135135135	34738	0	290
dipodascus albidus	0.962869729389553	0.949324324324324	0.727029578351164	0.831695331695332	0.985840151038389	34661	1.644636283	291
dipodascus geniculatus	NA	NA	NA	NA	NA	NA	NA	292
magnusiomyces tetraspermus	NA	0.864500961743962	0.718102158580893	0.972643727292156	0.997403271877434	41818	0	293
saprochaete clavata	NA	NA	NA	NA	NA	NA	NA	294
candida incommunis	0.960484023444886	0.789941387785971	0.576668557383248	0.970080197409007	0.993193420306296	35244	0.219902048	295
deakozyma indianensis	0.974722328609728	0.847567981616239	0.155878973573344	0.933358866334738	0.98295672156262	34974	0.610861411	296
wickerhamiella versatilis	NA	NA	NA	NA	NA	NA	NA	297
wickerhamiella domercqiae	NA	NA	NA	NA	NA	NA	NA	298
starmerella bombicola	NA	NA	NA	0.857366771159875	NA	35657	0	299
starmerella apicola	NA	NA	NA	NA	NA	NA	NA	300
wickerhamiella cacticola	NA	NA	0.36529933481153	0.958056171470806	0.956947524020695	34646	0	301
wickerhamiella infanticola	NA	NA	NA	0.917778836987607	0.989990467111535	35289	0	302
blastobotrys muscicola	0.946749324431728	0.905539906103286	0.68018779342723	0.959783818152917	0.991893180734382	34674	0	303
blastobotrys serpentis	NA	NA	NA	NA	NA	NA	NA	304
blastobotrys americana	NA	NA	NA	NA	NA	NA	NA	305
blastobotrys peoriensis	0.968928451461203	0.821968424588512	0.640502092050209	0.964016736401674	0.998656365468592	34671	0.482574135	306
blastobotrys adeninivorans	0.996302816901408	0.54612676056338	0.491977289558134	0.902493211552703	0.99137323943662	34680	0.769422595	307
blastobotrys raffinosifermentans	0.995472837022133	0.942488262910798	0.386150234741784	0.883981857245166	0.991616364855802	34669	0.552371801	308
blastobotrys mokoenaii	0.983851571894863	0.979728568974403	0.694725992097578	0.977323483937468	0.980742778541953	34675	0	309
blastobotrys nivea	NA	NA	NA	NA	NA	NA	NA	310
blastobotrys proliferans	0.977454545454545	0.905745454545455	0.451303766436372	0.911745041230221	0.985018181818182	34670	0	311
groenewaldozyma salmanticensis	0.975389069851611	0.708288092652913	0.416490038151759	0.958456973293769	0.992037640246109	35691	0	312
zygoascus ofunaensis	0.984754376058724	0.0478072651985695	0.450781102955016	0.96976506639428	0.976472802559759	35242	0.498346357	313
zygoascus meyerae	0.954476766150359	0.930676237249717	0.527767283717416	0.965243672081602	0.993577635058557	35243	0	314
sugiyamaella lignohabitans	0.992645706931421	0.982165839308696	0.754550468836183	0.927927927927928	0.996506710792425	37840	0.697917242	315
spencermartinsiella europaea	NA	NA	NA	NA	NA	34605	0	316
diddensiella caesifluorescens	0.948998801985282	0.631011466712305	0.622849861966447	0.921427054576343	0.991956186890296	34660	0.325621165	317
trigonopsis variabilis	NA	0.899025341130604	0.588304093567251	0.966861598440546	0.981286549707602	35650	0	318
trigonopsis vinaria	NA	0.950579929399899	0.152295409181637	0.966067864271457	0.987824351297405	35282	0	319
botryozyma nematodophila	NA	NA	NA	NA	NA	NA	NA	320
tortispora starmeri	NA	NA	NA	NA	NA	NA	NA	321
tortispora ganteri	NA	NA	NA	NA	NA	NA	NA	322
tortispora caseinolytica	0.969570267131243	0.863598150483396	0.655527532576713	0.973308112652375	0.977700348432056	34572	1.51032555	323
lipomyces lipofer	NA	NA	NA	NA	NA	NA	NA	324
lipomyces japonicus	0.96005486027773	0.989370821189782	0.772101790763431	0.970216776625825	0.997549481621112	34758	1.202911662	325
lipomyces doorenjongii	NA	NA	NA	NA	NA	NA	NA	326
lipomyces kononenkoae	NA	NA	NA	NA	NA	NA	NA	327
lipomyces starkeyi	0.971148957803762	0.91268429079817	0.762186698243537	0.952042628774423	0.991865785460092	34743	1.046347267	328
lipomyces arxii	0.909542195256481	0.859349145063431	0.837191358024691	0.97608024691358	0.992140099282956	34754	1.144972613	329
lipomyces mesembrius	NA	NA	NA	NA	NA	NA	NA	330
lipomyces oligophaga	NA	NA	NA	NA	NA	NA	NA	331
lipomyces suomiensis	NA	NA	NA	NA	NA	NA	NA	332
