all_taxa	xyl1	xyl2	xyl3	tkl1	tal1	xyl1.2	xyl2.2	xyl3.2	tal1.2	tkl1.2
candida tropicalis	0.966442953020134	0.908137583892617	0.863674496644295	0.973364093959732	0.994546979865772	0.966862416107383	NA	NA	NA	NA
spathaspora gorwiae	0.991231647634584	0.988988580750408	0.930057096247961	0.974918433931484	0.996329526916803	NA	0.987969004893964	NA	NA	NA
spathaspora hagerdaliae	0.984230769230769	0.960961538461538	0.930961538461539	0.989038461538462	0.991923076923077	NA	NA	NA	NA	NA
spathaspora arborariae	0.997138184791496	0.560302534750613	0.877964022894522	0.985895339329518	0.991618969746525	NA	0.948282910874898	NA	NA	NA
spathaspora girioi	0.995225780783768	0.957827730256614	0.925800676347722	0.985080564949274	0.995225780783768	NA	NA	NA	NA	NA
spathaspora passalidarum	0.977026522226373	0.528576765035487	0.931639895405304	0.980014942099365	0.992715726559582	NA	0.970676129996265	NA	NA	NA
hyphopichia burtonii	0.885725904839366	0.823098820658804	0.839975599837332	0.954656364375763	0.980073200488003	NA	NA	NA	0.974176494509963	NA
candida gotoi	0.971771217712177	0.782656826568266	0.799815498154982	0.965129151291513	0.99409594095941	NA	NA	0.812546125461255	0.614206642066421	NA
hyphopichia heimii	0.97682119205298	0.859455481972038	0.826158940397351	0.772442972774099	0.987674760853569	NA	NA	0.770787343635026	0.965783664459161	NA
candida rhagii	0.971804153172033	0.835016193560678	0.797866260240046	0.957896742236616	0.9906648885502	NA	NA	0.728329205562964	0.684701847971042	NA
lipomyces mesembrius	0.967732161793668	0.861233146492956	0.464929556127859	0.922587486744433	0.991516436903499	NA	NA	NA	NA	NA
candida athensensis	0.963079693831607	NA	0.508104457451598	0.881809995497524	0.988743809095002	NA	NA	NA	NA	NA
meyerozyma guilliermondii	0.972252807751597	0.899801805769654	0.698524554062982	0.655582470821405	0.986787051310284	0.715260955736622	NA	NA	0.973353886809073	NA
meyerozyma caribbica	0.95407315045719	0.809019118869493	0.75665004156276	0.956774729842061	0.983167082294264	0.310681629260183	NA	NA	0.72236076475478	NA
candida oregonensis	0.986419013381266	0.804873177551428	0.348911523866587	0.824246055522269	0.996405032953865	NA	NA	0.54723387257839	0.957659277012183	NA
candida blattae	0.663468917881811	0.841903300076746	0.510360706062932	0.51151189562548	0.90752110514198	0.941481197237145	NA	NA	0.97831926323868	NA
tortispora starmeri	0.867012089810017	0.186312607944732	0.235319516407599	0.474309153713299	0.905440414507772	NA	NA	NA	NA	NA
clavispora lusitaniae	0.928779395296753	NA	0.518701007838746	0.9505039193729	0.958790593505039	NA	NA	NA	NA	NA
candida fructus	0.94936974789916	NA	0.639915966386555	0.958613445378151	0.98781512605042	NA	NA	NA	NA	NA
candida golubevii	0.96315387552501	0.244368079419626	0.29610538373425	0.970981290568919	0.928789614356625	NA	NA	NA	NA	NA
metschnikowia bicuspidata	0.862914862914863	0.789115646258503	0.505875077303649	0.950113378684807	0.978148835291692	NA	NA	0.767470624613482	NA	NA
candida wancherniae	0.972605741836511	0.706771860618014	0.701293008985317	0.971729125575279	0.83212798597414	NA	NA	NA	NA	NA
candida hawaiiana	0.93574889403834	0.619970507689067	0.651780071624184	0.955761533600169	0.918264166842216	NA	NA	NA	NA	NA
tortispora caseinolytica	0.969570267131243	0.65993031358885	0.31335656213705	0.636933797909408	0.977700348432056	NA	NA	NA	NA	NA
metschnikowia bowlesiae	0.957397812320092	0.945116100556515	0.479178660525811	0.977931299174822	0.931682978315103	0.95701400882748	NA	NA	NA	NA
metschnikowia dekortum	0.947516025641026	0.885817307692308	0.759214743589744	0.975761217948718	0.902644230769231	NA	NA	NA	NA	NA
metschnikowia kipukae	0.953488372093023	0.882475083056478	0.767234219269103	0.971760797342193	0.977782392026578	NA	NA	NA	NA	NA
metschnikowia proteae	0.921371381646479	0.849106959556559	0.649558612194621	0.966536645452679	0.901252309587354	NA	NA	NA	NA	NA
metschnikowia drakensbergensis	0.923287095418243	0.863598150483396	0.655527532576713	0.973308112652375	0.900378310214376	NA	NA	NA	NA	NA
metschnikowia hibisci	0.966445733222867	0.948218724109362	0.784797017398509	0.972659486329743	0.977009113504557	NA	NA	NA	NA	NA
metschnikowia shivogae	0.980839612486545	0.798708288482239	0.567707212055974	0.966200215285253	0.977825618945102	NA	NA	NA	NA	NA
tortispora ganteri	0.853944562899787	0.0729211087420043	0.54861407249467	0.852025586353945	0.981876332622601	NA	NA	NA	NA	NA
metschnikowia ipomoeae	0.969219494320264	0.95071454745328	0.790582631000366	0.961157933308904	0.952729937706119	NA	NA	NA	NA	NA
metschnikowia borealis	0.977917981072555	0.923589204346302	0.731335436382755	0.957413249211357	0.938310550297932	NA	NA	0.96950578338591	NA	NA
metschnikowia continentalis	0.966804979253112	0.951244813278008	0.705912863070539	0.947786998616874	0.935338865836791	NA	NA	NA	NA	NA
metschnikowia santaceciliae	0.973277074542897	0.939345991561181	0.803621659634318	0.970815752461322	0.959388185654008	NA	NA	NA	NA	NA
metschnikowia kamakouana	0.957356895889358	0.933922397233961	0.865155589704187	0.953131002689205	0.9527468305801	NA	NA	NA	NA	NA
spencermartinsiella europaea	NA	NA	NA	NA	NA	NA	NA	NA	NA	NA
metschnikowia mauinuiana	0.965479452054795	0.928584474885845	0.817351598173516	0.970228310502283	0.949771689497717	NA	NA	NA	NA	NA
saccharomycopsis capsularis	0.960066833751044	0.299081035923141	0.629406850459482	0.961904761904762	0.978111946532999	NA	NA	NA	NA	NA
ogataea naganishii	0.633676842309936	0.927474236826755	0.694925140968306	0.940307213688509	0.420766089830838	0.971223021582734	NA	NA	0.893447404238771	NA
ogataea methylivora	0.951601671309192	0.746518105849582	0.649025069637883	0.922179665738162	0.715877437325905	NA	NA	NA	0.584087743732591	0.910515320334262
blastobotrys muscicola	0.946749324431728	0.531870926720712	0.152916865363217	0.959783818152917	0.991893180734382	NA	NA	NA	NA	NA
ogataea ramenticola	0.92182532261081	0.90611557882925	0.847765101926314	0.90218814288386	0.776510192631382	NA	NA	NA	0.961847765101926	0.928745090705068
pichia membranifaciens	0.625829942171771	0.773827372028272	0.63568215892054	0.875776397515528	0.98672092525166	0.95887770400514	NA	NA	NA	NA
pichia heedii	0.967342582710779	0.854855923159018	0.776734258271078	0.889861259338314	0.968623265741729	0.989327641408751	NA	NA	NA	NA
pichia nakasei	0.936440677966102	NA	0.661515453639083	0.817298105682951	0.958624127617149	0.767696909272183	NA	NA	NA	NA
kregervanrija fluxuum	0.923568075117371	0.905539906103286	0.68018779342723	0.926760563380282	0.627793427230047	NA	NA	NA	NA	0.993615023474178
kregervanrija delftensis	0.944186944766319	0.914059482425647	0.686751641560448	0.914252607184241	0.969293163383546	NA	NA	NA	NA	NA
ogataea populiabae	0.652442556478085	0.899594516315891	0.361459741262792	0.704189998069125	0.933384823324966	0.634485421896119	NA	NA	0.621548561498359	0.907124927592199
ogataea trehaloabstinens	0.396310788149804	0.799515558039873	0.63256940562698	0.9688839202534	0.956213899757779	0.59325507732439	NA	NA	0.524501583752562	0.67002049562139
blastobotrys nivea	0.967625899280576	0.518923991241789	0.689709102283391	0.991867375664686	0.995933687832343	NA	NA	0.556302783859869	0.95417578980294	0.577259931185486
ogataea trehalophila	0.952919020715631	0.930696798493409	0.732015065913371	0.95969868173258	0.988700564971751	NA	NA	NA	0.927306967984934	0.673634651600753
candida arabinofermentans	0.969910493239383	0.933917349076366	0.863264140163778	0.951628261283565	0.97276709198248	NA	NA	NA	0.918491715863645	0.790135212340507
ogataea pilisensis	0.971385256774683	0.94201250710631	0.758953951108584	0.941823005495547	0.973469774493083	0.964373697176426	NA	NA	0.950350577979913	0.583854462762934
ogataea nitratoaversa	0.978723404255319	0.956886898096305	0.890444195595371	0.967711832773423	0.983575961179545	NA	NA	NA	0.968085106382979	0.924785367674505
ogataea zsoltii	0.973864937046929	0.650515070583747	0.639450591377337	0.976726440289966	0.867989317054559	0.427508584509729	NA	NA	0.836131247615414	0.937428462418924
ogataea pini	0.939164237123421	0.834596695821186	0.521671525753158	0.862779397473275	0.736831875607386	0.848590864917396	NA	NA	0.966958211856171	0.92108843537415
ogataea henricii	0.953083109919571	0.875526618153964	0.335886633473765	0.903293757181157	0.669092301800077	0.581577939486787	NA	NA	0.967828418230563	0.882803523554194
blastobotrys proliferans	0.977454545454545	0.905745454545455	0.323636363636364	0.557818181818182	0.985018181818182	NA	NA	NA	0.960290909090909	NA
ogataea glucozyma	0.957385337667028	0.777175875767425	0.755146262188516	0.978692668833514	0.920368364030336	NA	NA	NA	0.852293246659444	0.856085229324666
ogataea kodamae	0.443978569764733	0.365711623573259	0.149778709527137	0.90146750524109	0.8893547635686	NA	NA	NA	0.886326578150478	0.703936641043559
ogataea minuta	0.816190476190476	0.822857142857143	0.23	0.966190476190476	0.895238095238095	0.945	NA	NA	0.948333333333333	NA
ogataea nonfermentans	0.848594741613781	0.763553943789665	0.432094288304624	0.8883046237534	0.847144152311877	0.966999093381686	NA	NA	0.970988213961922	0.809972801450589
ogataea philodendra	0.958546913305104	0.627367951860932	0.451303766436372	0.911745041230221	0.798083351905505	NA	NA	NA	0.895698685090261	NA
ogataea parapolymorpha	0.927786106946527	NA	0.318340829585207	0.856821589205397	0.328835582208896	NA	NA	NA	0.954772613693153	0.948775612193903
ogataea polymorpha	0.940368098159509	NA	0.522944785276074	0.974723926380368	0.520736196319018	NA	NA	NA	0.907239263803681	0.453742331288344
ambrosiozyma pseudovanderkliftii	0.281238615664845	0.898178506375228	0.554644808743169	0.924772313296903	0.797814207650273	0.855191256830601	NA	NA	NA	0.960655737704918
ambrosiozyma philentoma	0.770259760460414	0.925338310779281	0.901695442526054	0.970757505055219	0.483278892518277	0.932648934515477	NA	NA	NA	0.862498055685177
deakozyma indianensis	0.974722328609728	0.847567981616239	0.155878973573344	0.933358866334738	0.98295672156262	NA	NA	NA	NA	NA
ambrosiozyma oregonensis	0.734931734931735	0.905594405594406	0.782051282051282	0.968864468864469	0.987845487845488	0.879287379287379	NA	NA	NA	0.54012654012654
ambrosiozyma vanderkliftii	0.916697247706422	0.928440366972477	0.571009174311927	0.944587155963303	0.967339449541284	NA	NA	NA	NA	0.845504587155963
ambrosiozyma ambrosiae	0.950839964633068	0.933333333333333	0.858885941644562	0.962864721485411	0.990981432360743	NA	NA	NA	NA	0.793103448275862
ambrosiozyma maleeae	0.889729299363057	0.704020700636943	0.135350318471338	0.962579617834395	0.659832802547771	NA	NA	NA	NA	0.409235668789809
hanseniaspora singularis	0.866991473812424	NA	NA	0.912545676004872	0.968331303288672	NA	NA	NA	NA	NA
candida incommunis	0.960484023444886	0.789941387785971	0.576668557383248	0.967290603138589	0.993193420306296	NA	NA	NA	0.479296653431651	NA
lipomyces oligophaga	0.672473867595819	0.860260407115349	0.258756647716853	0.674491105813314	0.986246103062534	NA	NA	NA	0.972858976710068	NA
hanseniaspora valbyensis	0.861123800822293	NA	NA	0.975331201461855	0.96345363179534	NA	NA	NA	NA	NA
kloeckera hatyaiensis	0.667161961367013	NA	NA	0.957404655770183	0.991084695393759	NA	NA	NA	NA	NA
hanseniaspora pseudoguilliermondii	0.803532008830022	NA	NA	0.959038508707383	0.973755212165808	NA	NA	NA	NA	NA
hanseniaspora uvarum	0.918260333127699	NA	NA	0.970080197409007	0.975015422578655	NA	NA	NA	NA	NA
hanseniaspora clermontiae	0.906970912738215	NA	NA	0.964142427281846	0.9839518555667	NA	NA	NA	NA	0.871865596790371
pichia kudriavzevii	0.929790866410585	0.82202304737516	0.57063593683312	0.912291933418694	0.963081519419548	NA	NA	NA	NA	NA
pichia terricola	0.928793210515421	0.596149865452287	0.436141585593045	0.940178016973711	0.647898985717243	NA	NA	NA	NA	NA
pichia occidentalis	0.922858302882663	0.307551766138855	0.0649614291514413	0.841656516443362	0.983962647178238	NA	NA	NA	NA	NA
middelhovenomyces tepae	NA	NA	NA	NA	NA	NA	NA	NA	NA	NA
pichia exigua	0.937346711259755	0.701672240802676	0.60958751393534	0.91304347826087	0.624526198439242	NA	NA	NA	NA	NA
pichia norvegensis	0.919507367495052	0.799428194413899	0.461623048163624	0.896635144051023	0.690785133054761	NA	NA	NA	NA	NA
martiniozyma abiesophila	NA	NA	NA	NA	NA	NA	NA	NA	NA	NA
saturnispora saitoi	0.795641538803647	0.738937069157216	0.274627529464087	0.944185012230376	0.950411385368023	NA	NA	NA	NA	NA
saturnispora zaruensis	0.833585476550681	0.418629781716015	0.304300842878755	0.744975145882862	0.959368921547439	NA	NA	NA	NA	NA
saturnispora dispora	0.81429211469534	0.252464157706093	0.272177419354839	0.966845878136201	0.963933691756272	NA	NA	NA	NA	NA
saturnispora serradocipensis	0.884749455337691	0.44161220043573	0.193899782135076	0.862745098039216	0.977124183006536	NA	NA	NA	NA	NA
saturnispora hagleri	0.882944575219345	0.710678365075968	0.60539268136101	0.923175690134817	0.876524716456238	NA	NA	NA	NA	NA
geotrichum candidum	0.967117117117117	0.941441441441441	0.406306306306306	0.845045045045045	0.985135135135135	NA	NA	NA	NA	NA
saturnispora silvae	0.840018441678193	0.504610419548179	NA	0.946288612263716	0.980866758875058	NA	NA	NA	NA	NA
saturnispora mendoncae	0.704374412041392	0.713781749764817	0.430150517403575	0.962605832549388	0.960253998118532	NA	NA	NA	NA	NA
priceomyces carsonii	0.847952122685618	0.624088273798392	0.426594351973069	0.307649149055545	0.588180288011969	0.981297924069572	NA	NA	0.93622592107724	NA
brettanomyces custersianus	0.393723849372385	0.424058577405858	0.275732217573222	0.93744769874477	0.867782426778243	NA	NA	NA	NA	NA
brettanomyces anomalus	0.778023435772717	0.783108556267964	0.535485297369003	0.956887021888127	0.968383816051293	NA	NA	NA	NA	NA
dekkera bruxellensis	0.75393280248592	0.860167022722859	0.266847931637211	0.768498737618955	0.899397941347835	NA	NA	NA	NA	NA
kuraishia ogatae	0.965215738452766	0.699676867515681	0.669074320471393	0.919787112716214	0.742444402204904	NA	NA	NA	0.954381296331496	0.911423683710321
dipodascus albidus	0.941799754299754	0.949324324324324	0.583538083538084	0.831695331695332	0.983568796068796	NA	NA	NA	NA	NA
kuraishia capsulata	0.933507657825925	0.532312289876728	0.550803137840867	0.80575270825551	0.901195367949197	NA	NA	NA	0.717220769518117	0.690324990661188
kuraishia molischiana	0.929699248120301	NA	0.737781954887218	0.950375939849624	0.668233082706767	NA	NA	NA	0.699624060150376	NA
komagataella pastoris	0.560949298813377	0.459762675296656	0.390291262135922	0.955771305285868	0.781229773462783	NA	NA	NA	0.950161812297735	0.981445523193096
komagataella populi	0.804677349501949	0.559766132524903	0.293417063663924	0.954525768731052	0.958856647899524	NA	NA	NA	0.969250757903855	NA
dipodascus geniculatus	0.962869729389553	0.926054122089364	0.727029578351164	0.699181875393329	0.985840151038389	NA	NA	NA	NA	NA
komagataella pseudopastoris	0.82812143346268	0.657384158867838	0.20862816708514	0.966674275279617	0.958000456516777	NA	NA	NA	0.884957772198128	NA
citeromyces hawaiiensis	0.945406125166445	0.862849533954727	0.621171770972037	0.938914780292943	0.988348868175766	NA	NA	0.75965379494008	NA	0.988015978695073
citeromyces matritensis	0.906215921483097	0.71475307680324	0.658202212182583	0.949057485589656	0.988939087085216	NA	NA	NA	NA	NA
citeromyces siamensis	0.827955801104972	0.880441988950276	0.575580110497238	0.938895027624309	0.924198895027624	0.926077348066298	NA	0.400110497237569	0.946629834254144	0.906077348066298
pachysolen tannophilus	0.955926481620405	0.931732933233308	0.732558139534884	0.946549137284321	0.971867966991748	0.953675918979745	NA	NA	NA	NA
peterozyma toletana	0.940163654960791	0.847937265598363	0.339754517558814	0.757074667575861	0.982270712580975	NA	NA	NA	0.970167064439141	0.618138424821002
peterozyma xylosa	0.8704	0.748977777777778	0.298488888888889	0.961244444444444	0.586133333333333	NA	NA	NA	0.793244444444444	0.972977777777778
blastobotrys mokoenaii	0.983851571894863	0.979728568974403	0.694725992097578	0.977323483937468	0.979384985397698	NA	NA	NA	NA	NA
nakazawaea holstii	0.974982381959126	0.79369274136716	0.813248766737139	0.966878083157153	0.994009866102889	NA	NA	NA	NA	NA
ascoidea rubescens	0.735743112826812	0.223021582733813	0.23197052114406	0.88401473942797	0.958238287418845	NA	NA	NA	NA	NA
candida ponderosae	0.883445668255795	0.823113595265494	0.567976327469998	0.963340457011343	0.987177379582443	NA	NA	0.519973697188887	NA	NA
candida stellimalicola	0.875632975491189	0.415434474377152	0.386469515900344	0.837148065626899	0.992100465869961	NA	NA	NA	NA	NA
starmera amethionina	0.870898015327176	0.420907840440165	0.176459029278837	0.58813126350953	0.980742778541953	NA	NA	NA	0.955393987030851	NA
starmera quercuum	0.966790352504638	0.363265306122449	0.0343228200371058	0.260853432282004	0.986456400742115	NA	NA	NA	0.913358070500928	NA
wickerhamomyces anomalus	0.895362663495838	0.54153218957024	0.724307796840496	0.968914557499575	0.995073891625616	NA	NA	NA	0.383556989977917	NA
wickerhamomyces ciferrii	0.92327506899724	0.655933762649494	0.75933762649494	0.4557497700092	0.999264029438822	NA	NA	NA	0.986752529898804	NA
wickerhamomyces alni	0.977199281867145	0.843806104129264	0.541831238779174	0.894075403949731	0.989048473967684	NA	NA	NA	0.978456014362657	NA
blastobotrys serpentis	0.966639806607575	0.897663174858985	0.520547945205479	0.829814665592264	0.979854955680903	NA	0.859307010475423	NA	0.709911361804996	0.76986301369863
candida azyma	0.951201879631303	0.859750587384782	0.641062714621363	0.965660581962769	0.983914693656244	NA	NA	NA	NA	NA
wickerhamomyces canadensis	0.94335589597435	0.861239757748486	0.399358745992162	0.964374777342358	0.97613110081938	NA	NA	NA	NA	NA
wickerhamomyces bovis	0.970040189989039	0.823164048227987	0.316770186335404	0.952868103763244	0.980635732553891	NA	NA	NA	NA	NA
candida montana	0.88325872873769	0.849418084153984	0.398209489704566	0.948612354521039	0.996777081468218	0.916025067144136	NA	NA	0.938943598925694	NA
phaffomyces thermotolerans	0.79230322954941	0.463159930380971	0.297041191258944	0.584413072906594	0.983755559853027	0.940823825178882	0.333204409205183	NA	0.958228582479211	NA
candida orba	0.843167110772745	0.471830985915493	0.23658165207461	0.957556147696993	0.991815759421393	0.929767795964979	NA	0.693376475066616	0.639322421012562	NA
phaffomyces antillensis	0.747632311977716	NA	0.204085422469824	0.963602599814299	0.983101207056639	0.948932219127205	NA	NA	0.820798514391829	NA
phaffomyces opuntiae	0.715952597994531	0.774293527803099	0.23792160437557	0.963172288058341	0.985961713764813	0.954603463992707	NA	NA	0.838833181403829	NA
barnettozyma pratensis	0.961411850768105	0.845830285296269	0.429407461594733	0.963240673006584	0.995427944403804	NA	NA	NA	NA	NA
barnettozyma salicaria	0.949685534591195	0.575185820468839	0.079664570230608	0.944349151896322	0.985896702877835	0.915189632170764	NA	NA	NA	NA
blastobotrys americana	0.924839596700275	0.729789184234647	0.0997250229147571	0.965536205316224	0.991934005499542	NA	NA	NA	0.615948670944088	0.856278643446379
barnettozyma californica	0.92328969205237	NA	0.547851742577909	0.946524064171123	0.995205605753273	0.797160243407708	NA	NA	0.746450304259635	NA
barnettozyma hawaiiensis	0.763954402515723	0.826454402515723	0.320361635220126	0.939465408805031	0.98624213836478	0.750196540880503	NA	NA	0.717177672955975	NA
barnettozyma populi	0.933055975794251	0.858169440242057	0.374432677760968	0.795196671709531	0.985249621785174	0.630673222390318	NA	NA	0.95518154311649	NA
candida freyschussii	0.964495917979875	0.831213214353522	0.665654072527055	0.973799126637555	0.991076514144674	NA	NA	NA	NA	NA
cyberlindnera xylosilytica	0.982541222114452	0.819592628516004	0.641771742644682	0.705787261558358	0.973650177820886	NA	NA	NA	0.951341739411575	NA
candida mycetangii	0.911184210526316	0.471673976608187	0.656615497076023	0.88468567251462	0.978252923976608	NA	NA	NA	0.834978070175439	NA
cyberlindnera petersonii	0.968265682656827	0.821586715867159	0.678044280442804	0.866789667896679	0.990405904059041	NA	NA	NA	0.96309963099631	NA
cyberlindnera americana	0.898778041218311	0.8776217399234	0.59875980302754	0.963341236549334	0.991428050337407	0.968447929965347	NA	NA	0.565748677731169	NA
cyberlindnera maclurae	0.979869631901841	0.555789877300613	0.508052147239264	0.964340490797546	0.984087423312883	0.861963190184049	NA	NA	NA	0.448619631901841
blastobotrys peoriensis	0.968928451461203	0.821968424588512	0.164763184413839	0.719684245885119	0.998656365468592	NA	NA	NA	0.962378233120591	0.799798454820289
cyberlindnera misumaiensis	0.910249096786461	NA	0.501426126640046	0.96748431260696	0.98687963491158	0.92260886100019	NA	NA	NA	NA
cyberlindnera jadinii	0.914808043875686	NA	0.459963436928702	0.96709323583181	0.985009140767825	0.718464351005484	NA	NA	NA	NA
candida vartiovaarae	0.969645550527903	NA	0.528846153846154	0.969457013574661	0.985294117647059	NA	NA	NA	NA	NA
cyberlindnera mrakii	0.956382410539434	0.888196546199039	0.583585543884636	0.961367277906356	0.978814313690582	NA	NA	NA	0.780131742923269	NA
cyberlindnera saturnus	0.954979079497908	NA	0.640502092050209	0.964016736401674	0.983096234309623	NA	NA	NA	0.816569037656904	NA
cyberlindnera suaveolens	0.948741170077884	0.880999818873393	0.663104510052527	0.879913059228401	0.985509871400109	NA	NA	NA	0.967034957435247	NA
wickerhamomyces hampshirensis	0.936414114275479	0.882321332616873	0.204907755686907	0.783807988536629	0.985849901486656	NA	NA	NA	0.942504030091349	NA
arxula adeninivorans	0.996302816901408	0.54612676056338	0.467077464788732	0.869014084507042	0.99137323943662	NA	NA	NA	0.787147887323944	0.791197183098592
blastobotrys raffinofermentans	0.995472837022133	0.942488262910798	0.386150234741784	0.670858484238766	0.991616364855802	NA	0.404761904761905	NA	0.953219315895372	0.826961770623742
lipomyces suomiensis	0.979073756432247	0.918867924528302	0.621783876500858	0.984219554030875	0.990909090909091	NA	NA	NA	NA	NA
eremothecium cymbalariae	0.937374749498998	NA	0.0353206412825651	0.907815631262525	0.958416833667335	NA	NA	0.80185370741483	NA	NA
eremothecium coryli	0.924301812836845	NA	NA	0.960068593826556	0.970602645761881	NA	NA	NA	NA	NA
ashbya aceri	0.666748950876327	NA	0.491977289558134	0.902493211552703	0.960009874105159	NA	NA	NA	NA	NA
eremothecium gossypii	0.841250895201719	0.503938887562664	0.374552399140606	0.883981857245166	0.951301026497971	NA	NA	NA	NA	NA
kluyveromyces aestuarii	0.873328950252027	0.572211264518957	0.201840894148586	0.944334867411791	0.972167433705895	NA	NA	NA	NA	NA
kluyveromyces marxianus	0.983415508740475	0.758628417749888	0.921559838637382	0.967055132227701	0.992828328103989	NA	NA	NA	NA	NA
kluyveromyces lactis	0.939317319848293	0.818162663295407	0.556468605141171	0.961441213653603	0.987147071217868	NA	NA	NA	NA	NA
kluyveromyces dobzhanskii	0.924833082059014	0.760284298944648	0.646780099073875	0.953478354512169	0.988154210639673	NA	NA	NA	NA	NA
nakaseomyces castellii	0.945715567519067	NA	0.784208165096456	0.912516823687752	0.995737999102737	NA	NA	NA	0.953790937640197	0.890309555854643
sugiyamaella lignohabitans	0.992645706931421	0.982165839308696	0.754550468836183	0.927927927927928	0.996506710792425	NA	NA	NA	0.144511858797573	NA
nakaseomyces bacillisporus	0.944710491946017	NA	0.330430996952547	0.915759686547671	0.989986939486286	NA	NA	NA	NA	0.993905093600348
hanseniaspora osmophila	0.831165968701785	NA	0.721181397399162	0.966718095657924	0.975093674234075	NA	NA	NA	NA	NA
hanseniaspora vinae	0.893706293706294	NA	0.78041958041958	0.978741258741259	0.989090909090909	NA	NA	NA	NA	NA
zygotorulaspora mrakii	0.945560017849174	0.899375278893351	0.65751896474788	0.939759036144578	0.991521642124052	NA	NA	NA	NA	NA
zygotorulaspora florentina	0.653590568060021	0.697749196141479	0.513612004287245	0.901607717041801	0.990996784565916	NA	NA	NA	NA	NA
torulaspora microellipsoides	0.90805516689986	NA	0.515490705576654	0.967419548271037	0.985208874675195	NA	NA	NA	NA	NA
torulaspora maleeae	0.974508375819374	0.862102452051469	0.722019907744598	0.957999514445254	0.995144452537024	NA	NA	NA	NA	NA
zygosaccharomyces rouxii	0.967894027840144	0.799955096542434	0.550516389762012	0.965424337674001	0.981589582397845	NA	NA	NA	NA	NA
zygosaccharomyces bailii	0.917811355311355	NA	0.682921245421245	0.880494505494505	0.995421245421245	NA	NA	NA	NA	NA
zygosaccharomyces bisporus	0.926261026916987	0.956344718389505	0.637864736484958	0.92060619769283	0.984166478172359	NA	NA	NA	NA	NA
zygosaccharomyces kombuchaensis	0.949881796690307	NA	0.653900709219858	0.900472813238771	0.980851063829787	NA	NA	NA	NA	NA
torulaspora delbrueckii	0.527176416397973	0.877475817595578	0.761860893597421	0.976047904191617	0.984799631506218	NA	NA	NA	NA	NA
torulaspora franciscae	0.94259882253995	0.848822539949537	0.478973927670311	0.923465096719933	0.994533221194281	NA	NA	NA	NA	NA
torulaspora pretoriensis	0.428122690317812	NA	0.322985957132299	0.961751662971175	0.989652623798965	NA	NA	NA	NA	NA
lachancea fermentati	0.894770544290288	0.592102454642476	0.583991462113127	0.977801494130203	0.986339381003202	NA	NA	NA	NA	NA
lachancea cidri	0.88339222614841	0.282464664310954	0.551457597173145	0.945671378091873	0.979240282685512	NA	NA	NA	NA	NA
lachancea kluyveri	0.893823173193379	0.793903916027453	0.157852240613646	0.936415018167138	0.992531287848203	NA	NA	NA	NA	NA
lachancea mirantina	0.926438771094764	NA	0.315664214625703	0.964950237992211	0.987234963219386	NA	NA	NA	NA	NA
lachancea waltii	0.816353591160221	NA	0.523314917127072	0.95646408839779	0.992486187845304	NA	NA	NA	0.616795580110497	NA
candida salmanticensis	0.975389069851611	0.708288092652913	0.186572566051393	0.954759319580166	0.992037640246109	NA	NA	NA	NA	NA
lachancea quebecensis	0.704576043068641	0.83378196500673	0.512561686855092	0.933378196500673	0.985868102288022	NA	NA	NA	NA	NA
lachancea thermotolerans	0.921012767799178	0.869508764336724	0.657866262713698	0.956286518069682	0.990911058212508	NA	NA	NA	NA	NA
lachancea dasiensis	0.611277873070326	0.702830188679245	0.32032590051458	0.96483704974271	0.984562607204117	NA	NA	NA	NA	NA
lachancea nothofagi	0.47548815953469	0.785625259659327	0.115081013710012	0.961778147071043	0.98026589115081	NA	NA	NA	NA	NA
lachancea meyersii	0.932598558711318	0.669987282746927	0.416490038151759	0.958456973293769	0.991733785502331	NA	NA	NA	NA	NA
lachancea lanzarotensis	0.86790293040293	0.746565934065934	0.347298534798535	0.961767399267399	0.986721611721612	NA	NA	NA	NA	NA
lachancea fantastica	0.755485232067511	0.909493670886076	0.24831223628692	0.967510548523207	0.989873417721519	NA	NA	NA	NA	NA
candida glabrata	0.945529290853032	NA	0.2224049331963	0.979650565262076	0.991161356628983	NA	NA	NA	NA	0.743473792394656
nakaseomyces bracarensis	0.93061961098857	NA	0.242430318828955	0.976137958692601	0.986966111890916	NA	NA	NA	NA	0.747343092039302
nakaseomyces delphensis	0.889098137685708	NA	0.432726511822557	0.973843900397573	0.995396526469973	NA	NA	NA	NA	0.733417032852061
diddensiella caesifluorescens	0.948998801985282	0.631011466712305	0.0501454732158138	0.599863084032175	0.991956186890296	NA	NA	NA	0.106623309943522	NA
nakaseomyces nivariensis	0.965524275805794	NA	0.420032639738882	0.976948184414525	0.990208078335373	NA	NA	NA	NA	0.656670746634027
kazachstania martiniae	0.905875417567302	NA	0.696207506386323	0.548437807034781	0.987030850854785	NA	NA	NA	0.976419728826882	0.64983297307919
kazachstania intestinalis	0.948619139370585	NA	0.513166345536288	0.979019481909655	0.785698993791479	NA	NA	NA	0.677585099550417	0.996574609291372
saccharomyces eubayanus	0.80283778060144	NA	0.61711139347734	0.954680220245659	0.97437526471834	NA	NA	NA	0.639559508682762	0.858322744599746
saccharomyces uvarum	0.827776598003822	NA	0.622849861966447	0.921427054576343	0.978551709492461	NA	NA	NA	0.658101507751115	0.844765342960289
saccharomyces kudriavzevii	0.849309059004168	NA	0.387584996709805	0.691160342180303	0.97214301381882	NA	NA	NA	0.952621188857205	0.865321342399649
saccharomyces mikatae	0.79246935201401	NA	0.46300350262697	0.757880910683012	0.971103327495622	NA	NA	NA	0.939579684763573	0.841506129597198
saccharomyces arboricola	0.801230012300123	NA	0.714391143911439	0.852890528905289	0.977121771217712	NA	NA	NA	0.960639606396064	0.796309963099631
saccharomyces paradoxus	0.787031150667514	NA	0.34032634032634	0.804831532104259	0.812036448400085	NA	NA	NA	NA	0.973935155753338
kazachstania viticola	0.904982618771727	NA	0.429316338354577	0.96852066434917	0.989764387794515	NA	NA	NA	0.879297025878718	0.89513325608343
zygoascus ofunaensis	0.984754376058724	0.0478072651985695	0.450781102955016	0.934876717485413	0.976472802559759	NA	NA	NA	NA	NA
kazachstania africana	0.623173492488166	NA	0.467791726692735	0.963161144268368	0.771763737394526	NA	NA	NA	0.674830211977773	0.96995266515744
tetrapisispora iriomotensis	0.912421630094044	NA	0.57641065830721	0.970415360501567	0.990791536050157	NA	NA	NA	0.432210031347962	0.848942006269592
tetrapisispora phaffii	0.906151990349819	NA	0.354402895054282	0.19686369119421	0.98745476477684	NA	NA	NA	0.972979493365501	0.844149577804584
tetrapisispora namnaonensis	0.845585297642829	NA	NA	0.614262884538554	0.981422293248102	NA	NA	NA	0.966839792249301	0.818218138234119
tetrapisispora fleetii	0.852502553626149	NA	NA	0.96976506639428	0.843513789581205	NA	NA	NA	0.523391215526047	NA
tetrapisispora blattae	0.894944707740916	NA	NA	0.954778830963665	0.968009478672986	0.917851500789889	NA	NA	NA	NA
yueomyces sinensis	0.829727564102564	NA	NA	0.255008012820513	0.975761217948718	0.912860576923077	NA	NA	0.966145833333333	NA
zygoascus meyerae	0.954476766150359	0.930676237249717	0.527767283717416	0.965243672081602	0.993577635058557	NA	NA	0.819607102380053	NA	NA
kazachstania rosinii	0.857373411337503	NA	0.638894492636675	0.523703853136978	0.987492434940488	NA	NA	NA	0.944119427072826	0.721605809965705
kazachstania spencerorum	0.729998126288177	NA	0.258197489226157	0.948098182499532	0.96533633127225	NA	NA	NA	0.569046280682031	0.746112047967023
kazachstania turicensis	0.89548829240434	0.284599276603845	0.223872073101085	0.933371406815153	0.975632971635256	NA	NA	NA	NA	0.17837426232629
kazachstania kunashirensis	0.82316948806853	NA	0.510911686722415	0.967774831735672	0.920456863145013	0.795023455027534	NA	NA	NA	0.686518458086886
naumovozyma castellii	0.916484824439595	0.767308073794882	0.262646300337235	0.702241618726443	0.97044237254513	NA	NA	NA	0.965879785756794	0.79309660781591
naumovozyma dairenensis	0.938714153561517	NA	0.328399629972248	0.834643848288622	0.978029602220167	NA	NA	NA	0.9736355226642	0.73149861239593
kazachstania naganishii	0.872646498836471	NA	0.336154008885128	0.964036386714618	0.982018193357309	NA	NA	NA	0.84408715887455	0.905859953458853
kazachstania yakushimaensis	0.684962717481359	NA	0.3003314001657	0.971830985915493	0.987158243579122	0.700704225352113	NA	NA	0.670049710024855	0.784589892294946
kazachstania transvaalensis	0.883850069412309	NA	0.304025913928737	0.767700138824618	0.975474317445627	NA	NA	NA	0.959740860712633	0.312355391022675
kazachstania taianensis	0.934971098265896	NA	0.0328241123038811	0.974814203137903	0.983691164327002	NA	NA	NA	0.278901734104046	0.88934764657308
kazachstania bromeliacearum	0.899082568807339	NA	0.481345565749235	0.754740061162079	0.98348623853211	NA	NA	NA	0.972069317023445	0.832619775739042
kazachstania siamensis	0.946387911405506	NA	0.496170565100393	0.968743531359967	0.983233285034154	NA	NA	NA	0.699234113020079	0.838956737735459
kazachstania unispora	0.940944104285996	NA	0.504444005530318	0.955362433339917	0.988346829942722	NA	NA	NA	0.650799920995457	0.667390874975311
kazachstania solicola	0.93582578531509	NA	0.545769897860859	0.970321834650222	0.971863557525535	NA	NA	NA	0.680863364810175	0.805935633069956
kazachstania aerobia	0.947194719471947	NA	0.526608910891089	0.743811881188119	0.977310231023102	NA	NA	NA	0.969884488448845	0.70957095709571
sporopachydermia lactativora	0.933186893648179	0.944719018854109	0.912685337726524	0.775581182500458	0.976203551162365	0.81457074867289	NA	NA	0.863994142412594	0.968698517298188
lipomyces japonicus	0.96005486027773	0.989370821189782	0.0874335676324361	0.958683353334476	0.995199725698611	NA	NA	NA	NA	NA
nadsonia fulvescens	NA	NA	NA	NA	NA	NA	NA	NA	NA	NA
lipomyces lipofer	0.974565493853328	0.918750883142575	0.347039706090151	0.987847958174368	0.998445669068814	NA	NA	NA	NA	NA
candida emberorum	0.966386554621849	0.80594098104358	0.433066249755716	0.957787766269298	0.954856361149111	NA	NA	NA	NA	NA
candida tanzawaensis	0.977594339622642	0.837264150943396	0.672955974842767	0.955385220125786	0.989779874213837	NA	NA	NA	NA	NA
candida canberraensis	0.913666352497644	0.728746465598492	0.772101790763431	0.970216776625825	0.997549481621112	NA	NA	0.594910461828464	NA	NA
candida ascalaphidarum	0.888983050847458	0.819491525423729	0.393008474576271	0.934322033898305	0.963559322033898	NA	NA	NA	NA	NA
candida tenuis	0.962743437764606	0.933954276037257	0.531541066892464	0.683319220999153	0.992802709568163	NA	NA	NA	0.625317527519052	NA
yamadazyma philogaea	0.978663183104725	0.842586544741999	0.863923361637274	0.902242543000218	0.990202482037884	NA	NA	NA	0.920531243196168	NA
yamadazyma nakazawae	0.969672462596037	0.904569348968864	0.819045693489689	0.833805095026284	0.987060250707643	NA	NA	NA	0.964820056611403	NA
yamadazyma scolyti	0.953426343865408	0.92757488715634	0.858432498974149	0.959376282314321	0.994050061551087	NA	NA	NA	0.706811653672548	NA
candida gorgasii	0.980954176881011	0.882896473694135	0.752592871959268	0.759947199698284	0.992268527248727	NA	NA	NA	0.947576843296247	NA
lipomyces doorenjongii	0.963777490297542	0.979855849196082	0.856218813527999	0.933468859730179	0.997412677878396	NA	NA	NA	NA	NA
candida tammaniensis	0.99479969183359	0.897534668721109	0.753081664098613	0.394838212634823	0.99537750385208	NA	NA	NA	0.967257318952234	NA
candida gatunensis	0.92535446205171	0.713511259382819	0.0963302752293578	0.948498748957465	0.755004170141785	NA	NA	NA	NA	NA
candida cretensis	0.947517730496454	0.870719351570415	0.678419452887538	0.966565349544073	0.946909827760892	NA	NA	NA	NA	NA
candida kruisii	0.93541858325667	0.873965041398344	0.635878564857406	0.971297148114075	0.997792088316467	NA	NA	NA	NA	NA
candida pyralidae	0.94118827780008	0.736651947009233	0.866118024889603	0.97751906864713	0.995784825371337	NA	NA	0.590726615816941	NA	NA
candida auris	0.989249623736831	0.872500537518813	0.654482906901742	0.980004300150505	0.815523543324016	NA	NA	NA	NA	NA
candida heveicola	0.953623770327244	NA	0.598072676169444	0.969082513551496	0.901023890784983	NA	NA	NA	NA	NA
lipomyces kononenkoae	0.667100130039012	0.867071232480855	0.408322496749025	0.88556566970091	0.995231902904205	0.944227712758272	NA	NA	0.754659731252709	NA
debaryomyces maramus	0.922869263401465	0.820478210566911	0.881025838796761	0.965098341689163	0.97261858850752	NA	NA	0.345738526802931	NA	NA
debaryomyces nepalensis	0.955258126195029	0.330592734225621	0.637476099426386	0.102868068833652	0.992543021032505	NA	0.752390057361377	0.750286806883365	0.417973231357553	NA
debaryomyces hansenii	0.941176470588235	0.835863377609108	0.637571157495256	0.495256166982922	0.973434535104364	NA	NA	0.803605313092979	0.959203036053131	NA
debaryomyces fabryi	0.951998470070759	0.85140562248996	0.670491489768598	0.494740868234844	0.98546567221266	NA	NA	NA	NA	NA
debaryomyces prosopidis	0.958215297450425	0.900672804532578	0.851983002832861	0.368803116147309	0.984242209631728	NA	NA	0.816218130311615	NA	NA
debaryomyces subglobosus	0.956605966679582	0.865555986051918	0.738086013173189	0.33572258814413	0.983727237504843	NA	NA	NA	NA	0.712708252615265
priceomyces medius	0.955805544395339	0.741462434712736	0.71494576134994	0.971876255524307	0.99136199276818	NA	NA	NA	NA	NA
priceomyces castillae	0.965276350934868	0.690158208341894	0.432504622971029	0.957057735771523	0.986233819601397	NA	NA	NA	NA	NA
candida schatavii	0.947002443149784	0.328321744033077	0.686149220071415	0.934410825032889	0.950761135124977	NA	0.909039654200338	0.567750422852847	NA	NA
kodamaea laetipori	0.872937000887311	0.918012422360248	0.661756876663709	0.974445430346051	0.98846495119787	NA	NA	NA	NA	NA
aciculoconidium aculeatum	0.903346328784925	0.758934372969461	0.246751137102014	0.978070175438597	0.991065627030539	NA	NA	NA	NA	NA
candida restingae	0.914578812389031	0.837246005129217	0.599723811402644	0.953442493588479	0.987176957979878	NA	NA	NA	NA	NA
kodamaea ohmeri	0.969023034154091	0.847299444003177	0.565329626687847	0.970413026211279	0.838165210484512	0.900913423351867	NA	NA	NA	NA
danielozyma ontarioensis	0.964958476807778	0.841401660927689	0.679157383026129	0.790155965161029	0.992505570184323	NA	NA	0.768482884342718	0.968199311322666	NA
cephaloascus fragrans	0.978653530377668	NA	0.49480021893815	0.955482576172231	0.991060025542784	NA	NA	NA	NA	NA
cephaloascus albidus	0.969235751295337	NA	0.498704663212435	0.96065414507772	0.99449481865285	NA	NA	NA	NA	0.745304404145078
lipomyces starkeyi	0.971148957803762	0.91268429079817	0.435180477885104	0.516522623284189	0.991865785460092	NA	0.907092018301983	NA	0.674885612608033	0.465048296898831
scheffersomyces stipitis	0.992562422525235	0.945634850363025	0.831591995749956	0.29626350274482	0.996812466796529	NA	NA	NA	0.966707986541526	NA
babjeviella inositovora	0.962447334676681	NA	0.449899248946694	0.932405202418025	0.963912804542957	NA	NA	NA	NA	0.762960249129877
candida fragi	0.727974658483469	0.587012472777668	0.59710948327064	0.510789942585627	0.992872698475549	NA	NA	NA	NA	NA
kurtzmaniella cleridarum	0.860373647984267	0.728613569321534	0.370698131760079	NA	0.986234021632252	NA	NA	NA	NA	NA
candida corydali	0.932109729623051	0.769686204854944	0.762186698243537	0.952042628774423	0.907242944543122	NA	NA	NA	NA	NA
candida orthopsilosis	0.842396109637489	0.894341290893015	0.814544650751547	0.952696728558798	0.996463306808134	NA	NA	NA	NA	NA
candida parapsilosis	0.895420915816837	0.900219956008798	0.780443911217756	0.965606878624275	0.949410117976405	NA	NA	NA	NA	NA
candida dubliniensis	0.959032052642751	0.852685204839737	0.82233071534706	0.962003820844831	0.969645510507323	NA	NA	NA	NA	NA
lipomyces arxii	0.909542195256481	0.859349145063431	0.386100386100386	0.90526751241037	0.992140099282956	NA	0.938913403199118	NA	NA	0.734831770546056
Saccharomyces cerevisiae	NA	NA	NA	NA	NA	NA	NA	NA	NA	NA
Saccharomyces paradoxus	NA	NA	NA	NA	NA	NA	NA	NA	NA	NA
Saccharomyces eubayanus	NA	NA	NA	NA	NA	NA	NA	NA	NA	NA
candida intermedia	NA	0.809695133497444	NA	0.653474720696838	NA	NA	NA	NA	0.957015716720318	NA
candida sojae	NA	0.850051440329218	0.837191358024691	0.97608024691358	NA	NA	NA	NA	NA	NA
ambrosiozyma monospora	NA	0.958159577425633	NA	0.980539338337504	NA	NA	NA	NA	NA	NA
candida succiphila	NA	0.7654613712705	NA	0.956925508792729	NA	NA	NA	NA	0.847460976091681	NA
trigonopsis vinaria	NA	0.829141716566866	0.152295409181637	0.966067864271457	0.987824351297405	NA	NA	NA	NA	0.949900199600798
saccharomycopsis malanga	NA	0.743128781331029	NA	0.936041486603284	NA	NA	NA	NA	0.969576490924806	NA
candida hispaniensis	NA	0.789599047240969	0.269948392219135	0.947201270345375	0.987296546248511	NA	NA	NA	NA	NA
yarrowia bubula	NA	0.70922208281054	0.431304893350063	0.930363864491844	0.995922208281054	NA	NA	NA	NA	NA
yarrowia divulgata	NA	0.594122319301033	0.397458300238284	0.919301032565528	0.984432088959492	NA	NA	NA	NA	NA
saprochaete clavata	NA	0.950579929399899	NA	0.924188939317532	NA	NA	NA	NA	NA	NA
trigonopsis variabilis	NA	0.899025341130604	0.588304093567251	0.966861598440546	0.981286549707602	NA	NA	NA	NA	0.966276803118908
scheffersomyces lignosus	NA	0.956529329608939	NA	0.959846368715084	NA	NA	NA	NA	NA	NA
alloascoidea hylecoeti	NA	0.992770213278708	NA	0.726473069044463	NA	NA	0.972888299795156	NA	0.967465959754187	NA
magnusiomyces tetrasperma	NA	0.851726824201506	0.0610231108802908	0.863022591534666	0.997403271877434	NA	NA	NA	0.968190080498572	NA
try augustus	NA	NA	NA	NA	NA	NA	NA	NA	NA	NA
cyberlindnera fabianii	NA	0.717939481268012	NA	0.709654178674352	NA	NA	NA	NA	0.972622478386167	NA
eremothecium sinecaudum	NA	0.536217552533993	0.603955500618047	0.947095179233622	0.959456118665019	NA	NA	NA	NA	NA
ascoidea asiatica	NA	0.875894291137392	NA	0.83442838370565	NA	NA	NA	NA	NA	NA
lodderomyces elongisporus	NA	0.864500961743962	0.718102158580893	0.972643727292156	0.994229536225689	NA	NA	NA	NA	NA
metschnikowia aberdeeniae	NA	0.894323144104804	0.688864628820961	0.968995633187773	0.96943231441048	NA	NA	NA	NA	NA
metschnikowia arizonensis	NA	0.903057275541796	0.884094427244582	0.962848297213622	0.950077399380805	NA	NA	NA	NA	NA
metschnikowia cerradonensis	NA	0.947586206896552	0.76948275862069	0.965689655172414	0.942586206896552	NA	NA	NA	NA	NA
metschnikowia hamakuensis	NA	0.927706488342671	0.821435026206398	0.965660581962769	0.969455991324779	NA	NA	NA	NA	NA
metschnikowia hawaiiensis	NA	0.938481197517342	0.821467688937568	0.969331872946331	0.949799196787149	NA	NA	NA	NA	0.967506389193136
metschnikowia lockheadii	NA	0.931909679677927	0.660423595308945	0.969543147208122	0.962366532469806	NA	NA	NA	NA	NA
metschnikowia matae	NA	0.905723630417007	0.667457072771872	0.959852820932134	0.927800490596893	NA	NA	0.685036794766966	NA	0.929190515126738
metschnikowia similis	NA	0.908895405669599	0.00625610948191593	0.976930596285435	0.925513196480938	NA	NA	0.526490713587488	NA	NA
millerozyma acaciae	NA	0.879897238278741	NA	0.96103618068936	NA	NA	NA	NA	0.0772853778634126	NA
sporopachydermia quercuum	NA	0.957666114485551	NA	0.944045646972207	NA	NA	NA	NA	0.931345481317872	NA
vanderwaltozyma polyspora	NA	0.504777070063694	0.490218380345769	0.749317561419472	0.990900818926297	NA	NA	NA	0.975432211101001	0.702684258416743
wickerhamia fluorescens	NA	0.60587044534413	NA	0.926518218623482	NA	NA	NA	NA	NA	NA
yarrowia deformans	NA	0.522701567296817	NA	0.925836160930683	NA	NA	NA	NA	NA	NA
yarrowia keelungensis	NA	0.791899901218308	NA	0.883437602897596	NA	NA	NA	NA	NA	NA
yarrowia lipolytica	NA	0.748323793949305	0.341455437448896	0.932788225674571	0.992313982011447	NA	NA	NA	NA	NA
candida boidinii	NA	0.980340063761955	NA	0.942082890541977	NA	NA	NA	NA	0.749734325185972	NA
ogataea methanolica	NA	0.938237965485922	NA	0.904813805631244	NA	NA	NA	NA	0.954041780199818	NA
botryozyma nematodophila	NA	NA	NA	NA	NA	NA	NA	NA	NA	NA
priceomyces haplophilus	NA	0.615206402695872	NA	0.899536647009267	NA	NA	NA	NA	NA	NA
candida homilentoma	NA	0.881061473844979	NA	0.970026727758686	NA	NA	NA	NA	NA	NA
ambrosiozyma kashinagacola	NA	0.936898593634345	NA	0.945410806809771	NA	NA	NA	NA	NA	NA
candida apicola	NA	NA	0.542695836273818	0.958362738179252	0.991296165608092	NA	NA	NA	NA	NA
wickerhamiella cacticola	NA	NA	0.36529933481153	0.958056171470806	0.956947524020695	NA	NA	NA	NA	NA
candida infanticola	NA	NA	NA	0.917778836987607	0.989990467111535	NA	NA	NA	NA	NA
candida carpophila	NA	NA	NA	0.971554993678888	NA	NA	NA	NA	NA	NA
candida sorboxylosa	NA	NA	NA	0.92502965599051	NA	NA	NA	NA	NA	NA
candida versatilis	NA	NA	NA	0.860810039931546	NA	NA	NA	NA	NA	NA
try maker	NA	NA	NA	NA	NA	NA	NA	NA	NA	NA
starmerella bombicola	NA	NA	NA	0.857366771159875	NA	NA	NA	NA	NA	NA
nakazawaea peltata	NA	NA	NA	0.964278928367851	NA	NA	NA	NA	NA	NA
wickerhamiella domercqiae	NA	NA	NA	0.902543439939562	NA	NA	NA	NA	NA	NA
